Input nbrs:  [7, 4, 9, 5, 11, 17, 23, 2, 0, 14, 21, 24, 10, 16, 13, 6, 15, 25, 12, 22, 18, 20, 8, 19, 3, 26, 1]
Board 0 5 5 
22 13 17 11 0
8 2 23 4 24
21 9 14 16 7
6 10 3 18 5
1 12 20 15 19


Board 1 5 5 
3 15 0 2 22
9 18 13 17 5
19 8 7 25 23
20 11 10 24 4
14 21 16 12 6


Board 2 5 5 
14 21 17 24 4
10 16 15 9 19
18 8 23 26 20
22 11 13 6 5
2 0 12 3 7


Board 0 5 5 
22 13 17 11 0
8 2 23 4 24
21 9 14 16 X
6 10 3 18 5
1 12 20 15 19


Board 1 5 5 
3 15 0 2 22
9 18 13 17 5
19 8 X 25 23
20 11 10 24 4
14 21 16 12 6


Board 2 5 5 
14 21 17 24 4
10 16 15 9 19
18 8 23 26 20
22 11 13 6 5
2 0 12 3 X


Board 0 5 5 
22 13 17 11 0
8 2 23 X 24
21 9 14 16 X
6 10 3 18 5
1 12 20 15 19


Board 1 5 5 
3 15 0 2 22
9 18 13 17 5
19 8 X 25 23
20 11 10 24 X
14 21 16 12 6


Board 2 5 5 
14 21 17 24 X
10 16 15 9 19
18 8 23 26 20
22 11 13 6 5
2 0 12 3 X


Board 0 5 5 
22 13 17 11 0
8 2 23 X 24
21 X 14 16 X
6 10 3 18 5
1 12 20 15 19


Board 1 5 5 
3 15 0 2 22
X 18 13 17 5
19 8 X 25 23
20 11 10 24 X
14 21 16 12 6


Board 2 5 5 
14 21 17 24 X
10 16 15 X 19
18 8 23 26 20
22 11 13 6 5
2 0 12 3 X


Board 0 5 5 
22 13 17 11 0
8 2 23 X 24
21 X 14 16 X
6 10 3 18 X
1 12 20 15 19


Board 1 5 5 
3 15 0 2 22
X 18 13 17 X
19 8 X 25 23
20 11 10 24 X
14 21 16 12 6


Board 2 5 5 
14 21 17 24 X
10 16 15 X 19
18 8 23 26 20
22 11 13 6 X
2 0 12 3 X


Board 0 5 5 
22 13 17 X 0
8 2 23 X 24
21 X 14 16 X
6 10 3 18 X
1 12 20 15 19


Board 1 5 5 
3 15 0 2 22
X 18 13 17 X
19 8 X 25 23
20 X 10 24 X
14 21 16 12 6


Board 2 5 5 
14 21 17 24 X
10 16 15 X 19
18 8 23 26 20
22 X 13 6 X
2 0 12 3 X


Board 0 5 5 
22 13 X X 0
8 2 23 X 24
21 X 14 16 X
6 10 3 18 X
1 12 20 15 19


Board 1 5 5 
3 15 0 2 22
X 18 13 X X
19 8 X 25 23
20 X 10 24 X
14 21 16 12 6


Board 2 5 5 
14 21 X 24 X
10 16 15 X 19
18 8 23 26 20
22 X 13 6 X
2 0 12 3 X


Board 0 5 5 
22 13 X X 0
8 2 X X 24
21 X 14 16 X
6 10 3 18 X
1 12 20 15 19


Board 1 5 5 
3 15 0 2 22
X 18 13 X X
19 8 X 25 X
20 X 10 24 X
14 21 16 12 6


Board 2 5 5 
14 21 X 24 X
10 16 15 X 19
18 8 X 26 20
22 X 13 6 X
2 0 12 3 X


Board 0 5 5 
22 13 X X 0
8 X X X 24
21 X 14 16 X
6 10 3 18 X
1 12 20 15 19


Board 1 5 5 
3 15 0 X 22
X 18 13 X X
19 8 X 25 X
20 X 10 24 X
14 21 16 12 6


Board 2 5 5 
14 21 X 24 X
10 16 15 X 19
18 8 X 26 20
22 X 13 6 X
X 0 12 3 X


Board 0 5 5 
22 13 X X X
8 X X X 24
21 X 14 16 X
6 10 3 18 X
1 12 20 15 19


Board 1 5 5 
3 15 X X 22
X 18 13 X X
19 8 X 25 X
20 X 10 24 X
14 21 16 12 6


Board 2 5 5 
14 21 X 24 X
10 16 15 X 19
18 8 X 26 20
22 X 13 6 X
X X 12 3 X


Board 0 5 5 
22 13 X X X
8 X X X 24
21 X X 16 X
6 10 3 18 X
1 12 20 15 19


Board 1 5 5 
3 15 X X 22
X 18 13 X X
19 8 X 25 X
20 X 10 24 X
X 21 16 12 6


Board 2 5 5 
X 21 X 24 X
10 16 15 X 19
18 8 X 26 20
22 X 13 6 X
X X 12 3 X


Board 0 5 5 
22 13 X X X
8 X X X 24
X X X 16 X
6 10 3 18 X
1 12 20 15 19


Board 1 5 5 
3 15 X X 22
X 18 13 X X
19 8 X 25 X
20 X 10 24 X
X X 16 12 6


Board 2 5 5 
X X X 24 X
10 16 15 X 19
18 8 X 26 20
22 X 13 6 X
X X 12 3 X


Board 0 5 5 
22 13 X X X
8 X X X X
X X X 16 X
6 10 3 18 X
1 12 20 15 19


Board 1 5 5 
3 15 X X 22
X 18 13 X X
19 8 X 25 X
20 X 10 X X
X X 16 12 6


BINGO
winner is : 2
Board 2 5 5 
X X X X X
10 16 15 X 19
18 8 X 26 20
22 X 13 6 X
X X 12 3 X


188
4512
